,name,numTexels,type,maxRotation,minAspectRatio,minSizeRatio,texelSize
0,texture_17,500,2,180,0.3,1,3.568
0,texture_16,500,1,90,0.5,1,3.568
0,texture_15,500,0,0,1.0,1,3.568
0,texture_14,500,2,180,0.3,1,3.568
0,texture_13,500,1,90,0.5,1,3.568
0,texture_12,500,0,0,1.0,1,3.568
0,texture_11,500,2,180,0.3,1,3.568
0,texture_10,500,1,90,0.5,1,3.568
0,texture_9,500,0,0,1.0,1,3.568
0,texture_8,500,2,180,0.3,1,3.568
0,texture_7,500,1,90,0.5,1,3.568
0,texture_6,500,0,0,1.0,1,3.568
0,texture_5,500,2,180,0.3,1,3.568
0,texture_4,500,1,90,0.5,1,3.568
0,texture_3,500,0,0,1.0,1,3.568
0,texture_2,500,2,180,0.3,1,3.568
0,texture_1,500,1,90,0.5,1,3.568
0,texture_0,500,0,0,1.0,1,3.568
